2222222222222222222222222222232222222233222222233333333233333333333333333333333333333333333333333333
2222222222222222222322222222232222222233222222233333333333333333333333333333333333333333333333333333
2222222222222222222322222222332222222333222200233333333333333333333333333333333333333333333333344443
2222222223222222222322220000032222000000222000000333333303333333333333333333333333334444443344444444
2222222223222200000022200000002220000000220000000033333000333333344433333334444433344444444444444444
4111114423411111444311111144434111111443411111444344444444434444444444444444444444444444444444444444
4444444444441114444444111144444411114444441101444444444444444444444444444444444444444444444444444444
4444444444444444444444444444444441144444444104444444444444444444444444444444444444444444444444444444
4444444444444444444444444444444444444444444400444444444444444444444444444444444444444444444444444444
44444444444444444444444444444444444444444444004444444444444444444444444444444444444444444444444444440000000000000000000000000000000000000000000000000000000000000000000000000000000000000000000000000000
0000000000000000000000000000000000000000000000000000000000000000000000000000000000000000000000000000
0000000000000000000000000000000000000000000000000000000000000000000000000000000000000000000000000000
0000000000000000000000000000000000000000000000000000000000000000000000000000000000000000000000000000
0000000000000000000000000000000000000000000000000000000000000000000000000000000000000000000000000000
0000000000000000000000000000000000000000000000000000000000000000000000000000000000000000000000000000
0000000000000000000000000000000000000000000000000000000000000000000000000000000000000000000000000000
0000000000000000000000000000000000000000000000000000000000000000000000000000000000000000000000000000
0000000000000000000000000000000000000000000000000000000000000000000000000000000000000000000000000000
00000000000000000000000000000000000000000000000000000000000000000000000000000000000000000000000000000000000000000000000000000000000000000000000000000000000000000000000000000000000000000000000000000000
0000000000000000000000000000000000000000000000000000000000000000000000000000000000000000000000000000
0000000000000000000000000000000000000000000000000000000000000000000000000000000000000000000000000000
0000000000000000000000000000000000000000000000000000000000000000000000000000000000000000000000000000
0000000000000000000000000000000000000000000000000000000000000000000000000000000000000000000000000000
0000000000000000000000000000000000000000000000000000000000000000000000000000000000000000000000000000
0000000000000000000000000000000000000000000000000000000000000000000000000000000000000000000000000000
0000000000000000000000000000000000000000000000000000000000000000000000000000000000000000000000000000
0000000000000000000000000000000000000000000000000000000000000000000000000000000000000000000000000000
0000000000000000000000000000000000000000000000000000000000000000000000000000000000000000000000000000